     7.02500         66.         8.1
     7.07500         70.         8.4
     7.12500         63.         7.9
     7.17500         70.         8.4
     7.22500         59.         7.7
     7.27500         59.         7.7
     7.32500         60.         7.7
     7.37500         58.         7.6
     7.42500         82.         9.1
     7.47500         54.         7.3
     7.52500         68.         8.2
     7.57500         74.         8.6
     7.62500         61.         7.8
     7.67500         66.         8.1
     7.72500         52.         7.2
     7.77500         82.         9.1
     7.82500         85.         9.2
     7.87500         74.         8.6
     7.92500         83.         9.1
     7.97500        102.        10.1
     8.02500         86.         9.3
     8.07500         95.         9.7
     8.12500        112.        10.6
     8.17500        110.        10.5
     8.22500        136.        11.7
     8.27500        112.        10.6
     8.32500        114.        10.7
     8.37500        152.        12.3
     8.42500        122.        11.0
     8.47500        130.        11.4
     8.52500        117.        10.8
     8.57500        135.        11.6
     8.62500        146.        12.1
     8.67500        147.        12.1
     8.72500        140.        11.8
     8.77500        150.        12.2
     8.82500        166.        12.9
     8.87500        142.        11.9
     8.92500         41.         6.4
     8.97500         33.         5.7
     9.02500         27.         5.2
     9.07500         19.         4.4
     9.12500         29.         5.4
     9.17500         28.         5.3
     9.22500         28.         5.3
     9.27500         26.         5.1
     9.32500         32.         5.7
     9.37500         21.         4.6
     9.42500         32.         5.7
     9.47500         33.         5.7
     9.52500         35.         5.9
     9.57500         28.         5.3
     9.62500         46.         6.8
     9.67500         32.         5.7
     9.72500         28.         5.3
     9.77500         47.         6.9
     9.82500         40.         6.3
     9.87500         46.         6.8
     9.92500         36.         6.0
     9.97500         37.         6.1
    10.02500         40.         6.3
    10.07500         33.         5.7
    10.12500         22.         4.7
    10.17500         21.         4.6
    10.22500         13.         3.6
    10.27500         22.         4.7
    10.32500         17.         4.1
    10.37500         23.         4.8
    10.42500         26.         5.1
    10.47500         19.         4.4
    10.52500         23.         4.8
    10.57500         15.         3.9
    10.62500         17.         4.1
    10.67500         18.         4.2
    10.72500         19.         4.4
    10.77500         18.         4.2
    10.82500         16.         4.0
    10.87500         14.         3.7
    10.92500         16.         4.0
    10.97500         15.         3.9
    11.02500         15.         3.9
    11.07500         20.         4.5
    11.12500         21.         4.6
    11.17500         12.         3.5
    11.22500         27.         5.2
    11.27500         28.         5.3
    11.32500         25.         5.0
    11.37500         21.         4.6
    11.42500          0.         0.0
    11.47500          0.         0.0
    11.52500          0.         0.0
    11.57500          0.         0.0
    11.62500          0.         0.0
    11.67500          0.         0.0
    11.72500          0.         0.0
    11.77500          0.         0.0
    11.82500          0.         0.0
    11.87500          0.         0.0
    11.92500          0.         0.0
    11.97500          0.         0.0
    12.02500          0.         0.0
    12.07500          0.         0.0
    12.12500          0.         0.0
    12.17500          0.         0.0
    12.22500          0.         0.0
    12.27500          0.         0.0
    12.32500          0.         0.0
    12.37500          0.         0.0
    12.42500          0.         0.0
    12.47500          0.         0.0
    12.52500          0.         0.0
    12.57500          0.         0.0
    12.62500          0.         0.0
    12.67500          0.         0.0
    12.72500          0.         0.0
    12.77500          0.         0.0
    12.82500          0.         0.0
    12.87500          0.         0.0
    12.92500          0.         0.0
    12.97500          0.         0.0
    13.02500          0.         0.0
    13.07500          0.         0.0
    13.12500          0.         0.0
    13.17500          0.         0.0
    13.22500          0.         0.0
    13.27500          0.         0.0
    13.32500          0.         0.0
    13.37500          0.         0.0
    13.42500          0.         0.0
    13.47500          0.         0.0
    13.52500          0.         0.0
    13.57500          0.         0.0
    13.62500          0.         0.0
    13.67500          0.         0.0
    13.72500          0.         0.0
    13.77500          0.         0.0
    13.82500          0.         0.0
    13.87500          0.         0.0
    13.92500          0.         0.0
    13.97500          0.         0.0
    14.02500          0.         0.0
    14.07500          0.         0.0
    14.12500          0.         0.0
    14.17500          0.         0.0
    14.22500          0.         0.0
    14.27500          0.         0.0
    14.32500          0.         0.0
    14.37500          0.         0.0
    14.42500          0.         0.0
    14.47500          0.         0.0
    14.52500          0.         0.0
    14.57500          0.         0.0
    14.62500          0.         0.0
    14.67500          0.         0.0
    14.72500          0.         0.0
    14.77500          0.         0.0
    14.82500          0.         0.0
    14.87500          0.         0.0
    14.92500          0.         0.0
    14.97500          0.         0.0
    15.02500          0.         0.0
    15.07500          0.         0.0
    15.12500          0.         0.0
    15.17500          0.         0.0
    15.22500          0.         0.0
    15.27500          0.         0.0
    15.32500          0.         0.0
    15.37500          0.         0.0
    15.42500          0.         0.0
    15.47500          0.         0.0
    15.52500          0.         0.0
    15.57500          0.         0.0
    15.62500          0.         0.0
    15.67500          0.         0.0
    15.72500          0.         0.0
    15.77500          0.         0.0
    15.82500          0.         0.0
    15.87500          0.         0.0
    15.92500          0.         0.0
    15.97500          0.         0.0
    16.02500          0.         0.0
    16.07500          0.         0.0
    16.12500          0.         0.0
    16.17500          0.         0.0
    16.22500          0.         0.0
    16.27500          0.         0.0
    16.32500          0.         0.0
    16.37500          0.         0.0
    16.42500          0.         0.0
    16.47500          0.         0.0
    16.52500          0.         0.0
    16.57500          0.         0.0
    16.62500          0.         0.0
    16.67500          0.         0.0
    16.72500          0.         0.0
    16.77500          0.         0.0
    16.82500          0.         0.0
    16.87500          0.         0.0
    16.92500          0.         0.0
    16.97500          0.         0.0
