     0.00500         11.         3.3
     0.01500         38.         6.2
     0.02500         53.         7.3
     0.03500         57.         7.5
     0.04500         72.         8.5
     0.05500         65.         8.1
     0.06500         69.         8.3
     0.07500         76.         8.7
     0.08500         99.         9.9
     0.09500         94.         9.7
     0.10500        115.        10.7
     0.11500        176.        13.3
     0.12500        194.        13.9
     0.13500        248.        15.7
     0.14500        252.        15.9
     0.15500        216.        14.7
     0.16500        252.        15.9
     0.17500        223.        14.9
     0.18500        191.        13.8
     0.19500        161.        12.7
     0.20500        202.        14.2
     0.21500        147.        12.1
     0.22500        152.        12.3
     0.23500        137.        11.7
     0.24500        122.        11.0
     0.25500        111.        10.5
     0.26500        103.        10.1
     0.27500         95.         9.7
     0.28500        108.        10.4
     0.29500         85.         9.2
     0.30500         83.         9.1
     0.31500         64.         8.0
     0.32500         60.         7.7
     0.33500         70.         8.4
     0.34500         57.         7.5
     0.35500         52.         7.2
     0.36500         47.         6.9
     0.37500         55.         7.4
     0.38500         43.         6.6
     0.39500         44.         6.6
     0.40500         28.         5.3
     0.41500         33.         5.7
     0.42500         40.         6.3
     0.43500         36.         6.0
     0.44500         23.         4.8
     0.45500         21.         4.6
     0.46500         18.         4.2
     0.47500         23.         4.8
     0.48500         20.         4.5
     0.49500         14.         3.7
     0.50500         14.         3.7
     0.51500         17.         4.1
     0.52500         19.         4.4
     0.53500         12.         3.5
     0.54500         14.         3.7
     0.55500         16.         4.0
     0.56500         12.         3.5
     0.57500         11.         3.3
     0.58500         10.         3.2
     0.59500         11.         3.3
     0.60500          4.         2.0
     0.61500          8.         2.8
     0.62500          4.         2.0
     0.63500          7.         2.6
     0.64500          6.         2.4
     0.65500          4.         2.0
     0.66500          5.         2.2
     0.67500          4.         2.0
     0.68500          3.         1.7
     0.69500          5.         2.2
     0.70500          2.         1.4
     0.71500          3.         1.7
     0.72500          5.         2.2
     0.73500          3.         1.7
     0.74500          2.         1.4
     0.75500          5.         2.2
     0.76500          0.         0.0
     0.77500          3.         1.7
     0.78500          3.         1.7
     0.79500          1.         1.0
     0.80500          2.         1.4
     0.81500          3.         1.7
     0.82500          3.         1.7
     0.83500          1.         1.0
     0.84500          0.         0.0
     0.85500          2.         1.4
     0.86500          0.         0.0
     0.87500          2.         1.4
     0.88500          1.         1.0
     0.89500          0.         0.0
     0.90500          0.         0.0
     0.91500          3.         1.7
     0.92500          0.         0.0
     0.93500          1.         1.0
     0.94500          1.         1.0
     0.95500          0.         0.0
     0.96500          1.         1.0
     0.97500          0.         0.0
     0.98500          2.         1.4
     0.99500          1.         1.0
     1.00500          2.         1.4
     1.01500          0.         0.0
     1.02500          0.         0.0
     1.03500          1.         1.0
     1.04500          0.         0.0
     1.05500          1.         1.0
     1.06500          0.         0.0
     1.07500          1.         1.0
     1.08500          0.         0.0
     1.09500          1.         1.0
     1.10500          0.         0.0
     1.11500          1.         1.0
     1.12500          0.         0.0
     1.13500          0.         0.0
     1.14500          0.         0.0
     1.15500          0.         0.0
     1.16500          0.         0.0
     1.17500          0.         0.0
     1.18500          1.         1.0
     1.19500          0.         0.0
     1.20500          0.         0.0
     1.21500          0.         0.0
     1.22500          0.         0.0
     1.23500          0.         0.0
     1.24500          0.         0.0
     1.25500          1.         1.0
     1.26500          0.         0.0
     1.27500          0.         0.0
     1.28500          0.         0.0
     1.29500          0.         0.0
     1.30500          0.         0.0
     1.31500          0.         0.0
     1.32500          0.         0.0
     1.33500          0.         0.0
     1.34500          0.         0.0
     1.35500          0.         0.0
     1.36500          0.         0.0
     1.37500          0.         0.0
     1.38500          0.         0.0
     1.39500          0.         0.0
     1.40500          0.         0.0
     1.41500          0.         0.0
     1.42500          0.         0.0
     1.43500          0.         0.0
     1.44500          0.         0.0
     1.45500          0.         0.0
     1.46500          0.         0.0
     1.47500          0.         0.0
     1.48500          0.         0.0
     1.49500          0.         0.0
     1.50500          0.         0.0
     1.51500          0.         0.0
     1.52500          0.         0.0
     1.53500          0.         0.0
     1.54500          0.         0.0
     1.55500          0.         0.0
     1.56500          0.         0.0
     1.57500          0.         0.0
     1.58500          0.         0.0
     1.59500          0.         0.0
     1.60500          0.         0.0
     1.61500          0.         0.0
     1.62500          0.         0.0
     1.63500          0.         0.0
     1.64500          0.         0.0
     1.65500          0.         0.0
     1.66500          0.         0.0
     1.67500          0.         0.0
     1.68500          0.         0.0
     1.69500          0.         0.0
     1.70500          0.         0.0
     1.71500          0.         0.0
     1.72500          0.         0.0
     1.73500          0.         0.0
     1.74500          0.         0.0
     1.75500          0.         0.0
     1.76500          0.         0.0
     1.77500          0.         0.0
     1.78500          0.         0.0
     1.79500          0.         0.0
     1.80500          0.         0.0
     1.81500          0.         0.0
     1.82500          0.         0.0
     1.83500          0.         0.0
     1.84500          0.         0.0
     1.85500          0.         0.0
     1.86500          0.         0.0
     1.87500          0.         0.0
     1.88500          0.         0.0
     1.89500          0.         0.0
     1.90500          0.         0.0
     1.91500          0.         0.0
     1.92500          0.         0.0
     1.93500          0.         0.0
     1.94500          0.         0.0
     1.95500          0.         0.0
     1.96500          0.         0.0
     1.97500          0.         0.0
     1.98500          0.         0.0
     1.99500          0.         0.0
