     0.00500          0.         0.0
     0.01500          0.         0.0
     0.02500          0.         0.0
     0.03500          0.         0.0
     0.04500          0.         0.0
     0.05500          0.         0.0
     0.06500          0.         0.0
     0.07500          0.         0.0
     0.08500          0.         0.0
     0.09500          0.         0.0
     0.10500          0.         0.0
     0.11500          0.         0.0
     0.12500          0.         0.0
     0.13500          0.         0.0
     0.14500          0.         0.0
     0.15500          0.         0.0
     0.16500          0.         0.0
     0.17500          2.         1.4
     0.18500          0.         0.0
     0.19500          0.         0.0
     0.20500          0.         0.0
     0.21500          0.         0.0
     0.22500          1.         1.0
     0.23500          1.         1.0
     0.24500          2.         1.4
     0.25500          1.         1.0
     0.26500          1.         1.0
     0.27500          0.         0.0
     0.28500          0.         0.0
     0.29500          0.         0.0
     0.30500          1.         1.0
     0.31500          1.         1.0
     0.32500          0.         0.0
     0.33500          0.         0.0
     0.34500          0.         0.0
     0.35500          0.         0.0
     0.36500          1.         1.0
     0.37500          0.         0.0
     0.38500          0.         0.0
     0.39500          0.         0.0
     0.40500          1.         1.0
     0.41500          1.         1.0
     0.42500          0.         0.0
     0.43500          1.         1.0
     0.44500          2.         1.4
     0.45500          0.         0.0
     0.46500          2.         1.4
     0.47500          2.         1.4
     0.48500          1.         1.0
     0.49500          1.         1.0
     0.50500          4.         2.0
     0.51500          1.         1.0
     0.52500          2.         1.4
     0.53500          1.         1.0
     0.54500          2.         1.4
     0.55500          2.         1.4
     0.56500          0.         0.0
     0.57500          2.         1.4
     0.58500          4.         2.0
     0.59500          1.         1.0
     0.60500          3.         1.7
     0.61500          1.         1.0
     0.62500          2.         1.4
     0.63500          2.         1.4
     0.64500          3.         1.7
     0.65500          2.         1.4
     0.66500          2.         1.4
     0.67500          2.         1.4
     0.68500          1.         1.0
     0.69500          3.         1.7
     0.70500          3.         1.7
     0.71500          3.         1.7
     0.72500          3.         1.7
     0.73500          6.         2.4
     0.74500          4.         2.0
     0.75500          3.         1.7
     0.76500          6.         2.4
     0.77500          2.         1.4
     0.78500          5.         2.2
     0.79500          2.         1.4
     0.80500          5.         2.2
     0.81500          6.         2.4
     0.82500          6.         2.4
     0.83500          5.         2.2
     0.84500         10.         3.2
     0.85500         10.         3.2
     0.86500         15.         3.9
     0.87500          8.         2.8
     0.88500         11.         3.3
     0.89500         12.         3.5
     0.90500         13.         3.6
     0.91500         13.         3.6
     0.92500         20.         4.5
     0.93500         28.         5.3
     0.94500         25.         5.0
     0.95500         39.         6.2
     0.96500         50.         7.1
     0.97500         69.         8.3
     0.98500        128.        11.3
     0.99500       4428.        66.5
     1.00500          0.         0.0
     1.01500          0.         0.0
     1.02500          0.         0.0
     1.03500          0.         0.0
     1.04500          0.         0.0
     1.05500          0.         0.0
     1.06500          0.         0.0
     1.07500          0.         0.0
     1.08500          0.         0.0
     1.09500          0.         0.0
     1.10500          0.         0.0
     1.11500          0.         0.0
     1.12500          0.         0.0
     1.13500          0.         0.0
     1.14500          0.         0.0
     1.15500          0.         0.0
     1.16500          0.         0.0
     1.17500          0.         0.0
     1.18500          0.         0.0
     1.19500          0.         0.0
     1.20500          0.         0.0
     1.21500          0.         0.0
     1.22500          0.         0.0
     1.23500          0.         0.0
     1.24500          0.         0.0
     1.25500          0.         0.0
     1.26500          0.         0.0
     1.27500          0.         0.0
     1.28500          0.         0.0
     1.29500          0.         0.0
     1.30500          0.         0.0
     1.31500          0.         0.0
     1.32500          0.         0.0
     1.33500          0.         0.0
     1.34500          0.         0.0
     1.35500          0.         0.0
     1.36500          0.         0.0
     1.37500          0.         0.0
     1.38500          0.         0.0
     1.39500          0.         0.0
     1.40500          0.         0.0
     1.41500          0.         0.0
     1.42500          0.         0.0
     1.43500          0.         0.0
     1.44500          0.         0.0
     1.45500          0.         0.0
     1.46500          0.         0.0
     1.47500          0.         0.0
     1.48500          0.         0.0
     1.49500          0.         0.0
     1.50500          0.         0.0
     1.51500          0.         0.0
     1.52500          0.         0.0
     1.53500          0.         0.0
     1.54500          0.         0.0
     1.55500          0.         0.0
     1.56500          0.         0.0
     1.57500          0.         0.0
     1.58500          0.         0.0
     1.59500          0.         0.0
     1.60500          0.         0.0
     1.61500          0.         0.0
     1.62500          0.         0.0
     1.63500          0.         0.0
     1.64500          0.         0.0
     1.65500          0.         0.0
     1.66500          0.         0.0
     1.67500          0.         0.0
     1.68500          0.         0.0
     1.69500          0.         0.0
     1.70500          0.         0.0
     1.71500          0.         0.0
     1.72500          0.         0.0
     1.73500          0.         0.0
     1.74500          0.         0.0
     1.75500          0.         0.0
     1.76500          0.         0.0
     1.77500          0.         0.0
     1.78500          0.         0.0
     1.79500          0.         0.0
     1.80500          0.         0.0
     1.81500          0.         0.0
     1.82500          0.         0.0
     1.83500          0.         0.0
     1.84500          0.         0.0
     1.85500          0.         0.0
     1.86500          0.         0.0
     1.87500          0.         0.0
     1.88500          0.         0.0
     1.89500          0.         0.0
     1.90500          0.         0.0
     1.91500          0.         0.0
     1.92500          0.         0.0
     1.93500          0.         0.0
     1.94500          0.         0.0
     1.95500          0.         0.0
     1.96500          0.         0.0
     1.97500          0.         0.0
     1.98500          0.         0.0
     1.99500          0.         0.0
