  0.1000E-03  0.1000E-03         1046.
  0.4000E-03  0.2000E-03          536.
  0.9500E-03  0.3500E-03          420.
  0.1800E-02  0.3500E-03          286.
  0.2500E-02  0.5000E-03          252.
  0.3600E-02  0.6000E-03          199.
  0.4900E-02  0.6500E-03          166.
  0.6300E-02  0.7500E-03          198.
  0.8000E-02  0.9000E-03          206.
  0.1000E-01  0.1000E-02          188.
  0.1200E-01  0.1000E-02          166.
  0.1400E-01  0.1000E-02          146.
  0.1600E-01  0.1000E-02          134.
  0.1800E-01  0.1000E-02           99.
  0.2000E-01  0.1000E-02          105.
  0.2200E-01  0.1000E-02           77.
  0.2400E-01  0.1000E-02           67.
  0.2600E-01  0.1000E-02           61.
  0.2800E-01  0.1000E-02           54.
  0.3000E-01  0.1000E-02           51.
  0.3200E-01  0.1000E-02           38.
  0.3400E-01  0.1000E-02           37.
  0.3600E-01  0.1000E-02           31.
  0.3800E-01  0.1000E-02           29.
  0.4000E-01  0.1000E-02           27.
  0.4200E-01  0.1000E-02           24.
  0.4400E-01  0.1000E-02           21.
  0.4600E-01  0.1000E-02           17.
  0.4800E-01  0.1000E-02           16.
  0.5000E-01  0.1000E-02           11.
  0.5200E-01  0.1000E-02           13.
  0.5400E-01  0.1000E-02           13.
  0.5600E-01  0.1000E-02           19.
  0.5800E-01  0.1000E-02           12.
  0.6000E-01  0.1000E-02           11.
  0.6200E-01  0.1000E-02           15.
  0.6400E-01  0.1000E-02           10.
  0.6600E-01  0.1000E-02           14.
  0.6800E-01  0.1000E-02            9.
  0.7000E-01  0.1000E-02            7.
  0.7200E-01  0.1000E-02            4.
  0.7400E-01  0.1000E-02            8.
  0.7600E-01  0.1000E-02            4.
  0.7800E-01  0.1000E-02            7.
  0.8000E-01  0.1000E-02            4.
  0.8200E-01  0.1000E-02            7.
  0.8400E-01  0.1000E-02            7.
  0.8600E-01  0.1000E-02            2.
  0.8800E-01  0.1000E-02            4.
  0.9000E-01  0.1000E-02            3.
  0.9200E-01  0.1000E-02            9.
  0.9400E-01  0.1000E-02            2.
  0.9600E-01  0.1000E-02            1.
  0.9800E-01  0.1000E-02            2.
  0.1000E+00  0.1000E-02            0.
  0.1020E+00  0.1000E-02            4.
  0.1040E+00  0.1000E-02            3.
  0.1060E+00  0.1000E-02            3.
  0.1080E+00  0.1000E-02            1.
  0.1100E+00  0.1000E-02            5.
  0.1120E+00  0.1000E-02            4.
  0.1140E+00  0.1000E-02            3.
  0.1160E+00  0.1000E-02            5.
  0.1180E+00  0.1000E-02            3.
  0.1200E+00  0.1000E-02            1.
  0.1220E+00  0.1000E-02            4.
  0.1240E+00  0.1000E-02            3.
  0.1260E+00  0.1000E-02            2.
  0.1280E+00  0.1000E-02            4.
  0.1300E+00  0.1000E-02            1.
  0.1320E+00  0.1000E-02            1.
  0.1340E+00  0.1000E-02            0.
  0.1360E+00  0.1000E-02            3.
  0.1380E+00  0.1000E-02            2.
  0.1400E+00  0.1000E-02            3.
  0.1420E+00  0.1000E-02            1.
  0.1440E+00  0.1000E-02            1.
  0.1460E+00  0.1000E-02            0.
  0.1480E+00  0.1000E-02            0.
  0.1500E+00  0.1000E-02            2.
  0.1520E+00  0.1000E-02            0.
  0.1540E+00  0.1000E-02            2.
  0.1560E+00  0.1000E-02            0.
  0.1580E+00  0.1000E-02            1.
  0.1600E+00  0.1000E-02            3.
  0.1620E+00  0.1000E-02            1.
  0.1640E+00  0.1000E-02            1.
  0.1660E+00  0.1000E-02            0.
  0.1680E+00  0.1000E-02            0.
  0.1700E+00  0.1000E-02            1.
  0.1720E+00  0.1000E-02            1.
  0.1740E+00  0.1000E-02            1.
  0.1760E+00  0.1000E-02            1.
  0.1780E+00  0.1000E-02            0.
  0.1800E+00  0.1000E-02            0.
  0.1820E+00  0.1000E-02            1.
  0.1840E+00  0.1000E-02            1.
  0.1860E+00  0.1000E-02            3.
  0.1880E+00  0.1000E-02            2.
  0.1900E+00  0.1000E-02            0.
  0.1920E+00  0.1000E-02            0.
  0.1940E+00  0.1000E-02            0.
  0.1960E+00  0.1000E-02            1.
  0.1980E+00  0.1000E-02            0.
  0.2000E+00  0.1000E-02            0.
  0.2020E+00  0.1000E-02            1.
  0.2040E+00  0.1000E-02            1.
  0.2060E+00  0.1000E-02            0.
  0.2080E+00  0.1000E-02            2.
  0.2100E+00  0.1000E-02            1.
  0.2120E+00  0.1000E-02            0.
  0.2140E+00  0.1000E-02            2.
  0.2160E+00  0.1000E-02            1.
  0.2180E+00  0.1000E-02            0.
  0.2200E+00  0.1000E-02            0.
  0.2220E+00  0.1000E-02            0.
  0.2240E+00  0.1000E-02            0.
  0.2260E+00  0.1000E-02            0.
  0.2280E+00  0.1000E-02            2.
  0.2300E+00  0.1000E-02            0.
  0.2320E+00  0.1000E-02            0.
  0.2340E+00  0.1000E-02            1.
  0.2360E+00  0.1000E-02            0.
  0.2380E+00  0.1000E-02            0.
  0.2400E+00  0.1000E-02            3.
  0.2420E+00  0.1000E-02            1.
  0.2440E+00  0.1000E-02            0.
  0.2460E+00  0.1000E-02            0.
  0.2480E+00  0.1000E-02            0.
  0.2500E+00  0.1000E-02            0.
  0.2520E+00  0.1000E-02            1.
  0.2540E+00  0.1000E-02            1.
  0.2560E+00  0.1000E-02            1.
  0.2580E+00  0.1000E-02            0.
  0.2600E+00  0.1000E-02            0.
  0.2620E+00  0.1000E-02            0.
  0.2640E+00  0.1000E-02            0.
  0.2660E+00  0.1000E-02            0.
  0.2680E+00  0.1000E-02            0.
  0.2700E+00  0.1000E-02            0.
  0.2720E+00  0.1000E-02            0.
  0.2740E+00  0.1000E-02            0.
  0.2760E+00  0.1000E-02            1.
  0.2780E+00  0.1000E-02            0.
  0.2800E+00  0.1000E-02            1.
  0.2820E+00  0.1000E-02            0.
  0.2840E+00  0.1000E-02            0.
  0.2860E+00  0.1000E-02            0.
  0.2880E+00  0.1000E-02            0.
  0.2900E+00  0.1000E-02            1.
  0.2920E+00  0.1000E-02            0.
  0.2940E+00  0.1000E-02            0.
  0.2960E+00  0.1000E-02            0.
  0.2980E+00  0.1000E-02            0.
  0.3000E+00  0.1000E-02            0.
  0.3020E+00  0.1000E-02            0.
  0.3040E+00  0.1000E-02            0.
  0.3060E+00  0.1000E-02            0.
  0.3080E+00  0.1000E-02            0.
  0.3100E+00  0.1000E-02            1.
  0.3120E+00  0.1000E-02            0.
  0.3140E+00  0.1000E-02            1.
  0.3160E+00  0.1000E-02            0.
  0.3180E+00  0.1000E-02            0.
  0.3200E+00  0.1000E-02            0.
  0.3220E+00  0.1000E-02            0.
  0.3240E+00  0.1000E-02            0.
  0.3260E+00  0.1000E-02            0.
  0.3280E+00  0.1000E-02            0.
  0.3300E+00  0.1000E-02            1.
  0.3320E+00  0.1000E-02            0.
  0.3340E+00  0.1000E-02            0.
  0.3360E+00  0.1000E-02            0.
  0.3380E+00  0.1000E-02            0.
  0.3400E+00  0.1000E-02            0.
  0.3420E+00  0.1000E-02            0.
  0.3440E+00  0.1000E-02            0.
  0.3460E+00  0.1000E-02            0.
  0.3480E+00  0.1000E-02            0.
  0.3500E+00  0.1000E-02            0.
  0.3520E+00  0.1000E-02            0.
  0.3540E+00  0.1000E-02            0.
  0.3560E+00  0.1000E-02            0.
  0.3580E+00  0.1000E-02            0.
  0.3600E+00  0.1000E-02            0.
  0.3620E+00  0.1000E-02            0.
  0.3640E+00  0.1000E-02            1.
  0.3660E+00  0.1000E-02            0.
  0.3680E+00  0.1000E-02            0.
  0.3700E+00  0.1000E-02            0.
  0.3720E+00  0.1000E-02            0.
  0.3740E+00  0.1000E-02            0.
  0.3760E+00  0.1000E-02            0.
  0.3780E+00  0.1000E-02            0.
  0.3800E+00  0.1000E-02            0.
  0.3820E+00  0.1000E-02            0.
  0.3840E+00  0.1000E-02            0.
  0.3860E+00  0.1000E-02            0.
  0.3880E+00  0.1000E-02            0.
  0.3900E+00  0.1000E-02            1.
