     0.00050       1860.        43.1
     0.00150        428.        20.7
     0.00250        252.        15.9
     0.00350        170.        13.0
     0.00450        140.        11.8
     0.00550        119.        10.9
     0.00650        134.        11.6
     0.00750        103.        10.1
     0.00850        103.        10.1
     0.00950         98.         9.9
     0.01050         90.         9.5
     0.01150         77.         8.8
     0.01250         89.         9.4
     0.01350         78.         8.8
     0.01450         68.         8.2
     0.01550         70.         8.4
     0.01650         64.         8.0
     0.01750         53.         7.3
     0.01850         46.         6.8
     0.01950         55.         7.4
     0.02050         50.         7.1
     0.02150         45.         6.7
     0.02250         32.         5.7
     0.02350         38.         6.2
     0.02450         29.         5.4
     0.02550         27.         5.2
     0.02650         34.         5.8
     0.02750         31.         5.6
     0.02850         23.         4.8
     0.02950         32.         5.7
     0.03050         19.         4.4
     0.03150         20.         4.5
     0.03250         18.         4.2
     0.03350         15.         3.9
     0.03450         22.         4.7
     0.03550         17.         4.1
     0.03650         14.         3.7
     0.03750         14.         3.7
     0.03850         15.         3.9
     0.03950         12.         3.5
     0.04050         15.         3.9
     0.04150         16.         4.0
     0.04250          8.         2.8
     0.04350         12.         3.5
     0.04450          9.         3.0
     0.04550         12.         3.5
     0.04650          5.         2.2
     0.04750         11.         3.3
     0.04850          5.         2.2
     0.04950          8.         2.8
     0.05050          3.         1.7
     0.05150          8.         2.8
     0.05250          5.         2.2
     0.05350          5.         2.2
     0.05450          8.         2.8
     0.05550         10.         3.2
     0.05650          9.         3.0
     0.05750          8.         2.8
     0.05850          4.         2.0
     0.05950          5.         2.2
     0.06050          6.         2.4
     0.06150          8.         2.8
     0.06250          7.         2.6
     0.06350          4.         2.0
     0.06450          6.         2.4
     0.06550          6.         2.4
     0.06650          8.         2.8
     0.06750          3.         1.7
     0.06850          6.         2.4
     0.06950          3.         1.7
     0.07050          4.         2.0
     0.07150          3.         1.7
     0.07250          1.         1.0
     0.07350          4.         2.0
     0.07450          4.         2.0
     0.07550          2.         1.4
     0.07650          2.         1.4
     0.07750          1.         1.0
     0.07850          6.         2.4
     0.07950          2.         1.4
     0.08050          2.         1.4
     0.08150          3.         1.7
     0.08250          4.         2.0
     0.08350          4.         2.0
     0.08450          3.         1.7
     0.08550          1.         1.0
     0.08650          1.         1.0
     0.08750          4.         2.0
     0.08850          0.         0.0
     0.08950          1.         1.0
     0.09050          2.         1.4
     0.09150          6.         2.4
     0.09250          3.         1.7
     0.09350          2.         1.4
     0.09450          0.         0.0
     0.09550          1.         1.0
     0.09650          0.         0.0
     0.09750          1.         1.0
     0.09850          1.         1.0
     0.09950          0.         0.0
     0.10050          0.         0.0
     0.10150          2.         1.4
     0.10250          2.         1.4
     0.10350          2.         1.4
     0.10450          1.         1.0
     0.10550          0.         0.0
     0.10650          3.         1.7
     0.10750          1.         1.0
     0.10850          0.         0.0
     0.10950          4.         2.0
     0.11050          1.         1.0
     0.11150          3.         1.7
     0.11250          1.         1.0
     0.11350          1.         1.0
     0.11450          2.         1.4
     0.11550          2.         1.4
     0.11650          3.         1.7
     0.11750          1.         1.0
     0.11850          2.         1.4
     0.11950          0.         0.0
     0.12050          1.         1.0
     0.12150          3.         1.7
     0.12250          1.         1.0
     0.12350          2.         1.4
     0.12450          1.         1.0
     0.12550          0.         0.0
     0.12650          2.         1.4
     0.12750          1.         1.0
     0.12850          3.         1.7
     0.12950          0.         0.0
     0.13050          1.         1.0
     0.13150          0.         0.0
     0.13250          1.         1.0
     0.13350          0.         0.0
     0.13450          0.         0.0
     0.13550          2.         1.4
     0.13650          1.         1.0
     0.13750          2.         1.4
     0.13850          0.         0.0
     0.13950          1.         1.0
     0.14050          2.         1.4
     0.14150          1.         1.0
     0.14250          0.         0.0
     0.14350          0.         0.0
     0.14450          1.         1.0
     0.14550          0.         0.0
     0.14650          0.         0.0
     0.14750          0.         0.0
     0.14850          0.         0.0
     0.14950          1.         1.0
     0.15050          1.         1.0
     0.15150          0.         0.0
     0.15250          0.         0.0
     0.15350          2.         1.4
     0.15450          0.         0.0
     0.15550          0.         0.0
     0.15650          0.         0.0
     0.15750          1.         1.0
     0.15850          0.         0.0
     0.15950          1.         1.0
     0.16050          2.         1.4
     0.16150          0.         0.0
     0.16250          1.         1.0
     0.16350          1.         1.0
     0.16450          0.         0.0
     0.16550          0.         0.0
     0.16650          0.         0.0
     0.16750          0.         0.0
     0.16850          0.         0.0
     0.16950          0.         0.0
     0.17050          1.         1.0
     0.17150          1.         1.0
     0.17250          0.         0.0
     0.17350          0.         0.0
     0.17450          1.         1.0
     0.17550          0.         0.0
     0.17650          1.         1.0
     0.17750          0.         0.0
     0.17850          0.         0.0
     0.17950          0.         0.0
     0.18050          0.         0.0
     0.18150          1.         1.0
     0.18250          0.         0.0
     0.18350          0.         0.0
     0.18450          1.         1.0
     0.18550          3.         1.7
     0.18650          0.         0.0
     0.18750          0.         0.0
     0.18850          2.         1.4
     0.18950          0.         0.0
     0.19050          0.         0.0
     0.19150          0.         0.0
     0.19250          0.         0.0
     0.19350          0.         0.0
     0.19450          0.         0.0
     0.19550          0.         0.0
     0.19650          1.         1.0
     0.19750          0.         0.0
     0.19850          0.         0.0
     0.19950         26.         5.1
