     0.01000          0.         0.0
     0.03000          0.         0.0
     0.05000          0.         0.0
     0.07000          0.         0.0
     0.09000          0.         0.0
     0.11000          0.         0.0
     0.13000          0.         0.0
     0.15000          0.         0.0
     0.17000          0.         0.0
     0.19000          0.         0.0
     0.21000          0.         0.0
     0.23000          0.         0.0
     0.25000          0.         0.0
     0.27000          0.         0.0
     0.29000          0.         0.0
     0.31000          0.         0.0
     0.33000          0.         0.0
     0.35000          0.         0.0
     0.37000          0.         0.0
     0.39000          0.         0.0
     0.41000          0.         0.0
     0.43000          0.         0.0
     0.45000          0.         0.0
     0.47000          0.         0.0
     0.49000          0.         0.0
     0.51000          0.         0.0
     0.53000          0.         0.0
     0.55000          0.         0.0
     0.57000          0.         0.0
     0.59000          0.         0.0
     0.61000          0.         0.0
     0.63000          0.         0.0
     0.65000          0.         0.0
     0.67000          0.         0.0
     0.69000          0.         0.0
     0.71000          0.         0.0
     0.73000          0.         0.0
     0.75000          0.         0.0
     0.77000          0.         0.0
     0.79000          0.         0.0
     0.81000          0.         0.0
     0.83000          0.         0.0
     0.85000          0.         0.0
     0.87000          0.         0.0
     0.89000          0.         0.0
     0.91000          0.         0.0
     0.93000       3904.        62.5
     0.95000        363.        19.1
     0.97000         95.         9.7
     0.99000         60.         7.7
     1.01000         60.         7.7
     1.03000         22.         4.7
     1.05000         29.         5.4
     1.07000         19.         4.4
     1.09000         19.         4.4
     1.11000         23.         4.8
     1.13000         20.         4.5
     1.15000         14.         3.7
     1.17000         15.         3.9
     1.19000         15.         3.9
     1.21000         18.         4.2
     1.23000         11.         3.3
     1.25000         10.         3.2
     1.27000          8.         2.8
     1.29000          7.         2.6
     1.31000         12.         3.5
     1.33000         12.         3.5
     1.35000         11.         3.3
     1.37000          9.         3.0
     1.39000          7.         2.6
     1.41000          6.         2.4
     1.43000          5.         2.2
     1.45000          8.         2.8
     1.47000          6.         2.4
     1.49000          2.         1.4
     1.51000          7.         2.6
     1.53000          4.         2.0
     1.55000          4.         2.0
     1.57000          7.         2.6
     1.59000          6.         2.4
     1.61000          3.         1.7
     1.63000          3.         1.7
     1.65000          7.         2.6
     1.67000          5.         2.2
     1.69000          4.         2.0
     1.71000          6.         2.4
     1.73000          2.         1.4
     1.75000          4.         2.0
     1.77000          6.         2.4
     1.79000          7.         2.6
     1.81000          6.         2.4
     1.83000          4.         2.0
     1.85000          3.         1.7
     1.87000          1.         1.0
     1.89000          4.         2.0
     1.91000          5.         2.2
     1.93000          2.         1.4
     1.95000          0.         0.0
     1.97000          5.         2.2
     1.99000          3.         1.7
     2.01000          3.         1.7
     2.03000          1.         1.0
     2.05000          1.         1.0
     2.07000          0.         0.0
     2.09000          3.         1.7
     2.11000          2.         1.4
     2.13000          2.         1.4
     2.15000          4.         2.0
     2.17000          1.         1.0
     2.19000          2.         1.4
     2.21000          4.         2.0
     2.23000          0.         0.0
     2.25000          5.         2.2
     2.27000          1.         1.0
     2.29000          2.         1.4
     2.31000          0.         0.0
     2.33000          3.         1.7
     2.35000          3.         1.7
     2.37000          0.         0.0
     2.39000          1.         1.0
     2.41000          1.         1.0
     2.43000          2.         1.4
     2.45000          2.         1.4
     2.47000          1.         1.0
     2.49000          0.         0.0
     2.51000          2.         1.4
     2.53000          2.         1.4
     2.55000          2.         1.4
     2.57000          2.         1.4
     2.59000          0.         0.0
     2.61000          3.         1.7
     2.63000          3.         1.7
     2.65000          3.         1.7
     2.67000          0.         0.0
     2.69000          2.         1.4
     2.71000          1.         1.0
     2.73000          1.         1.0
     2.75000          0.         0.0
     2.77000          3.         1.7
     2.79000          0.         0.0
     2.81000          1.         1.0
     2.83000          0.         0.0
     2.85000          2.         1.4
     2.87000          3.         1.7
     2.89000          2.         1.4
     2.91000          0.         0.0
     2.93000          1.         1.0
     2.95000          2.         1.4
     2.97000          2.         1.4
     2.99000          0.         0.0
     3.01000          1.         1.0
     3.03000          1.         1.0
     3.05000          2.         1.4
     3.07000          1.         1.0
     3.09000          2.         1.4
     3.11000          1.         1.0
     3.13000          0.         0.0
     3.15000          0.         0.0
     3.17000          1.         1.0
     3.19000          1.         1.0
     3.21000          0.         0.0
     3.23000          0.         0.0
     3.25000          0.         0.0
     3.27000          0.         0.0
     3.29000          1.         1.0
     3.31000          0.         0.0
     3.33000          0.         0.0
     3.35000          0.         0.0
     3.37000          0.         0.0
     3.39000          0.         0.0
     3.41000          1.         1.0
     3.43000          0.         0.0
     3.45000          0.         0.0
     3.47000          0.         0.0
     3.49000          0.         0.0
     3.51000          1.         1.0
     3.53000          1.         1.0
     3.55000          1.         1.0
     3.57000          0.         0.0
     3.59000          1.         1.0
     3.61000          0.         0.0
     3.63000          0.         0.0
     3.65000          1.         1.0
     3.67000          1.         1.0
     3.69000          1.         1.0
     3.71000          0.         0.0
     3.73000          1.         1.0
     3.75000          0.         0.0
     3.77000          0.         0.0
     3.79000          0.         0.0
     3.81000          0.         0.0
     3.83000          0.         0.0
     3.85000          0.         0.0
     3.87000          0.         0.0
     3.89000          0.         0.0
     3.91000          0.         0.0
     3.93000          0.         0.0
     3.95000          0.         0.0
     3.97000          0.         0.0
     3.99000          1.         1.0
