     1.00000         43.         6.6
     3.00000         44.         6.6
     5.00000         39.         6.2
     7.00000         35.         5.9
     9.00000         39.         6.2
    11.00000         33.         5.7
    13.00000         34.         5.8
    15.00000         40.         6.3
    17.00000         40.         6.3
    19.00000         49.         7.0
    21.00000         37.         6.1
    23.00000         43.         6.6
    25.00000         53.         7.3
    27.00000         28.         5.3
    29.00000         36.         6.0
    31.00000         39.         6.2
    33.00000         37.         6.1
    35.00000         38.         6.2
    37.00000         27.         5.2
    39.00000         38.         6.2
    41.00000         30.         5.5
    43.00000         33.         5.7
    45.00000         36.         6.0
    47.00000         25.         5.0
    49.00000         35.         5.9
    51.00000         24.         4.9
    53.00000         23.         4.8
    55.00000         25.         5.0
    57.00000         17.         4.1
    59.00000         25.         5.0
    61.00000         16.         4.0
    63.00000         26.         5.1
    65.00000         13.         3.6
    67.00000         14.         3.7
    69.00000         22.         4.7
    71.00000         18.         4.2
    73.00000         12.         3.5
    75.00000          5.         2.2
    77.00000         13.         3.6
    79.00000         11.         3.3
    81.00000         15.         3.9
    83.00000         13.         3.6
    85.00000          5.         2.2
    87.00000          7.         2.6
    89.00000         15.         3.9
    91.00000         11.         3.3
    93.00000          5.         2.2
    95.00000          5.         2.2
    97.00000          8.         2.8
    99.00000         12.         3.5
   101.00000         13.         3.6
   103.00000         14.         3.7
   105.00000         19.         4.4
   107.00000          9.         3.0
   109.00000         15.         3.9
   111.00000          7.         2.6
   113.00000         20.         4.5
   115.00000         19.         4.4
   117.00000         18.         4.2
   119.00000         13.         3.6
   121.00000         15.         3.9
   123.00000         21.         4.6
   125.00000         25.         5.0
   127.00000         20.         4.5
   129.00000         18.         4.2
   131.00000         20.         4.5
   133.00000         34.         5.8
   135.00000         27.         5.2
   137.00000         28.         5.3
   139.00000         35.         5.9
   141.00000         40.         6.3
   143.00000         27.         5.2
   145.00000         41.         6.4
   147.00000         44.         6.6
   149.00000         33.         5.7
   151.00000         33.         5.7
   153.00000         44.         6.6
   155.00000         37.         6.1
   157.00000         44.         6.6
   159.00000         41.         6.4
   161.00000         49.         7.0
   163.00000         49.         7.0
   165.00000         35.         5.9
   167.00000         39.         6.2
   169.00000         50.         7.1
   171.00000         35.         5.9
   173.00000         54.         7.3
   175.00000         50.         7.1
   177.00000         38.         6.2
   179.00000         33.         5.7
   181.00000         43.         6.6
   183.00000         39.         6.2
   185.00000         38.         6.2
   187.00000         38.         6.2
   189.00000         47.         6.9
   191.00000         50.         7.1
   193.00000         54.         7.3
   195.00000         49.         7.0
   197.00000         43.         6.6
   199.00000         47.         6.9
   201.00000         38.         6.2
   203.00000         43.         6.6
   205.00000         37.         6.1
   207.00000         44.         6.6
   209.00000         44.         6.6
   211.00000         46.         6.8
   213.00000         45.         6.7
   215.00000         33.         5.7
   217.00000         23.         4.8
   219.00000         26.         5.1
   221.00000         25.         5.0
   223.00000         29.         5.4
   225.00000         28.         5.3
   227.00000         42.         6.5
   229.00000         20.         4.5
   231.00000         19.         4.4
   233.00000         20.         4.5
   235.00000         18.         4.2
   237.00000         19.         4.4
   239.00000         20.         4.5
   241.00000         30.         5.5
   243.00000         11.         3.3
   245.00000         21.         4.6
   247.00000         11.         3.3
   249.00000         12.         3.5
   251.00000         16.         4.0
   253.00000         19.         4.4
   255.00000         13.         3.6
   257.00000          9.         3.0
   259.00000          9.         3.0
   261.00000         10.         3.2
   263.00000          9.         3.0
   265.00000          7.         2.6
   267.00000          6.         2.4
   269.00000          6.         2.4
   271.00000         10.         3.2
   273.00000         12.         3.5
   275.00000         12.         3.5
   277.00000         10.         3.2
   279.00000         16.         4.0
   281.00000         15.         3.9
   283.00000         12.         3.5
   285.00000         19.         4.4
   287.00000         14.         3.7
   289.00000          9.         3.0
   291.00000         15.         3.9
   293.00000         17.         4.1
   295.00000         21.         4.6
   297.00000         13.         3.6
   299.00000         19.         4.4
   301.00000         21.         4.6
   303.00000         25.         5.0
   305.00000         24.         4.9
   307.00000         16.         4.0
   309.00000         26.         5.1
   311.00000         32.         5.7
   313.00000         24.         4.9
   315.00000         22.         4.7
   317.00000         38.         6.2
   319.00000         31.         5.6
   321.00000         34.         5.8
   323.00000         27.         5.2
   325.00000         36.         6.0
   327.00000         27.         5.2
   329.00000         35.         5.9
   331.00000         28.         5.3
   333.00000         34.         5.8
   335.00000         42.         6.5
   337.00000         40.         6.3
   339.00000         42.         6.5
   341.00000         46.         6.8
   343.00000         40.         6.3
   345.00000         29.         5.4
   347.00000         33.         5.7
   349.00000         50.         7.1
   351.00000         45.         6.7
   353.00000         55.         7.4
   355.00000         44.         6.6
   357.00000         34.         5.8
   359.00000         53.         7.3
