     0.01000         49.         7.0
     0.03000         48.         6.9
     0.05000         66.         8.1
     0.07000         90.         9.5
     0.09000         76.         8.7
     0.11000         91.         9.5
     0.13000         85.         9.2
     0.15000         82.         9.1
     0.17000         72.         8.5
     0.19000         99.         9.9
     0.21000        102.        10.1
     0.23000        105.        10.2
     0.25000         93.         9.6
     0.27000         88.         9.4
     0.29000        112.        10.6
     0.31000        110.        10.5
     0.33000        107.        10.3
     0.35000        113.        10.6
     0.37000        110.        10.5
     0.39000        119.        10.9
     0.41000        120.        11.0
     0.43000        115.        10.7
     0.45000        162.        12.7
     0.47000        158.        12.6
     0.49000        155.        12.4
     0.51000        147.        12.1
     0.53000        149.        12.2
     0.55000        128.        11.3
     0.57000        136.        11.7
     0.59000        130.        11.4
     0.61000        118.        10.9
     0.63000        122.        11.0
     0.65000        126.        11.2
     0.67000         91.         9.5
     0.69000        115.        10.7
     0.71000         97.         9.8
     0.73000        102.        10.1
     0.75000         96.         9.8
     0.77000         97.         9.8
     0.79000         88.         9.4
     0.81000         83.         9.1
     0.83000        108.        10.4
     0.85000         77.         8.8
     0.87000         82.         9.1
     0.89000         77.         8.8
     0.91000         70.         8.4
     0.93000         86.         9.3
     0.95000         60.         7.7
     0.97000         51.         7.1
     0.99000         37.         6.1
