     0.01000          0.         0.0
     0.03000          0.         0.0
     0.05000          0.         0.0
     0.07000          0.         0.0
     0.09000          0.         0.0
     0.11000          0.         0.0
     0.13000          0.         0.0
     0.15000          0.         0.0
     0.17000          0.         0.0
     0.19000          0.         0.0
     0.21000          0.         0.0
     0.23000          0.         0.0
     0.25000          0.         0.0
     0.27000          0.         0.0
     0.29000          0.         0.0
     0.31000          0.         0.0
     0.33000          0.         0.0
     0.35000          0.         0.0
     0.37000          0.         0.0
     0.39000          0.         0.0
     0.41000          0.         0.0
     0.43000          0.         0.0
     0.45000          0.         0.0
     0.47000          0.         0.0
     0.49000          0.         0.0
     0.51000          0.         0.0
     0.53000          0.         0.0
     0.55000          0.         0.0
     0.57000          0.         0.0
     0.59000          0.         0.0
     0.61000          0.         0.0
     0.63000          0.         0.0
     0.65000          0.         0.0
     0.67000          0.         0.0
     0.69000          0.         0.0
     0.71000          0.         0.0
     0.73000          0.         0.0
     0.75000         95.         9.7
     0.77000        164.        12.8
     0.79000        137.        11.7
     0.81000        134.        11.6
     0.83000        135.        11.6
     0.85000        136.        11.7
     0.87000        142.        11.9
     0.89000        111.        10.5
     0.91000        109.        10.4
     0.93000        123.        11.1
     0.95000         92.         9.6
     0.97000        104.        10.2
     0.99000         91.         9.5
     1.01000         84.         9.2
     1.03000         75.         8.7
     1.05000         87.         9.3
     1.07000         72.         8.5
     1.09000         73.         8.5
     1.11000         55.         7.4
     1.13000         66.         8.1
     1.15000         68.         8.2
     1.17000         55.         7.4
     1.19000         52.         7.2
     1.21000         51.         7.1
     1.23000         55.         7.4
     1.25000         55.         7.4
     1.27000         52.         7.2
     1.29000         49.         7.0
     1.31000         41.         6.4
     1.33000         38.         6.2
     1.35000         44.         6.6
     1.37000         34.         5.8
     1.39000         39.         6.2
     1.41000         43.         6.6
     1.43000         50.         7.1
     1.45000         25.         5.0
     1.47000         37.         6.1
     1.49000         40.         6.3
     1.51000         45.         6.7
     1.53000         41.         6.4
     1.55000         35.         5.9
     1.57000         30.         5.5
     1.59000         35.         5.9
     1.61000         30.         5.5
     1.63000         36.         6.0
     1.65000         32.         5.7
     1.67000         29.         5.4
     1.69000         32.         5.7
     1.71000         27.         5.2
     1.73000         27.         5.2
     1.75000         24.         4.9
     1.77000         23.         4.8
     1.79000         25.         5.0
     1.81000         14.         3.7
     1.83000         19.         4.4
     1.85000         14.         3.7
     1.87000         17.         4.1
     1.89000         21.         4.6
     1.91000         21.         4.6
     1.93000         23.         4.8
     1.95000         20.         4.5
     1.97000         21.         4.6
     1.99000         23.         4.8
     2.01000         19.         4.4
     2.03000         21.         4.6
     2.05000         26.         5.1
     2.07000         18.         4.2
     2.09000         15.         3.9
     2.11000         13.         3.6
     2.13000         13.         3.6
     2.15000         12.         3.5
     2.17000         14.         3.7
     2.19000          9.         3.0
     2.21000         12.         3.5
     2.23000         14.         3.7
     2.25000         17.         4.1
     2.27000         21.         4.6
     2.29000         13.         3.6
     2.31000         13.         3.6
     2.33000         21.         4.6
     2.35000         18.         4.2
     2.37000         15.         3.9
     2.39000         15.         3.9
     2.41000          9.         3.0
     2.43000          8.         2.8
     2.45000         13.         3.6
     2.47000         10.         3.2
     2.49000         13.         3.6
     2.51000          6.         2.4
     2.53000          7.         2.6
     2.55000         15.         3.9
     2.57000          5.         2.2
     2.59000         10.         3.2
     2.61000         15.         3.9
     2.63000         11.         3.3
     2.65000         13.         3.6
     2.67000          4.         2.0
     2.69000          6.         2.4
     2.71000         11.         3.3
     2.73000         16.         4.0
     2.75000          6.         2.4
     2.77000         10.         3.2
     2.79000          6.         2.4
     2.81000         12.         3.5
     2.83000          9.         3.0
     2.85000          7.         2.6
     2.87000          8.         2.8
     2.89000          7.         2.6
     2.91000          6.         2.4
     2.93000          7.         2.6
     2.95000          7.         2.6
     2.97000          4.         2.0
     2.99000          6.         2.4
     3.01000          3.         1.7
     3.03000         15.         3.9
     3.05000          9.         3.0
     3.07000          6.         2.4
     3.09000          7.         2.6
     3.11000          6.         2.4
     3.13000          6.         2.4
     3.15000          7.         2.6
     3.17000          8.         2.8
     3.19000          3.         1.7
     3.21000          6.         2.4
     3.23000          8.         2.8
     3.25000          5.         2.2
     3.27000          3.         1.7
     3.29000          5.         2.2
     3.31000          8.         2.8
     3.33000          8.         2.8
     3.35000          7.         2.6
     3.37000          6.         2.4
     3.39000          9.         3.0
     3.41000          4.         2.0
     3.43000          5.         2.2
     3.45000          2.         1.4
     3.47000          7.         2.6
     3.49000          8.         2.8
     3.51000          5.         2.2
     3.53000         11.         3.3
     3.55000          7.         2.6
     3.57000          6.         2.4
     3.59000          1.         1.0
     3.61000          2.         1.4
     3.63000          4.         2.0
     3.65000          3.         1.7
     3.67000          3.         1.7
     3.69000          6.         2.4
     3.71000          6.         2.4
     3.73000          4.         2.0
     3.75000         10.         3.2
     3.77000          7.         2.6
     3.79000          6.         2.4
     3.81000         10.         3.2
     3.83000          4.         2.0
     3.85000          6.         2.4
     3.87000          4.         2.0
     3.89000          4.         2.0
     3.91000          4.         2.0
     3.93000          6.         2.4
     3.95000          6.         2.4
     3.97000          4.         2.0
     3.99000        547.        23.4
